barColours1 <- c("#FFFF00","#1CE6FF","#FF34FF","#FF4A46","#008941","#006FA6",
                "#A30059","#FFDBE5","#7A4900","#0000A6","#63FFAC","#B79762",
                "#004D43","#8FB0FF","#997D87","#5A0007","#809693","#FEFFE6",
                "#1B4400","#4FC601","#3B5DFF","#4A3B53","#FF2F80","#61615A",
                "#BA0900","#6B7900","#00C2A0","#FFAA92","#FF90C9","#B903AA",
                "#D16100","#DDEFFF","#000035","#7B4F4B","#CFCD6E","#4DE052",
                "#BFAE1B","#D3E8AF","#8FB530","#622FB7","#B58C02","#53C190",
                "#C476EC","#E2E0D3","#137EBE","#2A9E12","#FBC902","#E0B1C8",
                "#4F116D","#F99B70","#E3DD6D","#905B9D","#9EB5FB","#72E6AD",
                "#62948D","#1B24A5","#5956A3","#4DA339","#1D53E7","#41473B",
                "#878A10","#0EFA07","#7205D9","#B3A189","#3FADF2","#DD482A",
                "#1B2D09","#FCDF41","#463219","#A8C892","#78FB49","#939482",
                "#7B161D","#AC1528","#FE21A6","#3B3FB2","#7D997D","#FAC28E",
                "#EB2F75","#B4FD09","#D2BC87","#D2F8C0","#5D5A15","#91BD3E",
                "#42A77E","#F7153E","#48E1E9","#795BC4","#B270CC","#7BC1A8",
                "#A5B81B","#2DC72F","#B9FB34","#C51640","#3E8AF7","#430578",
                "#50C770","#63FAC8","#70FE60","#53EC96","#EBBCCB","#51FAF2",
                "#75F72B","#1325F9","#DCF40A","#C442D1","#C87DC1","#66AC25",
                "#A136C8","#5774C6","#D427CC","#E8B122","#073F6C","#444FC7",
                "#706F49","#D17346","#1266DD","#9045F0","#21A13A","#4ECF87",
                "#3D8A45","#A32FF2","#92DBB0","#C5C2CD","#D118CF","#1100BA",
                "#E4E479","#9E8BD5","#34A80E","#8BC4EA","#ED3DEF","#67D983",
                "#7E6012","#7BE0D2","#6F664E","#B397C0","#DA4C77","#8B0284",
                "#8D8883","#777D7D","#8EDB04","#EB7DE2","#392845","#2BACEA",
                "#F97F53","#D61408","#FECD8F","#09226E","#0C05A3","#C44526",
                "#F5A057","#CD3F9D","#60CB63","#E73858","#CEA0C8","#699844",
                "#1239FE","#DBA182","#253480","#FDD7F5","#542766","#51A342",
                "#5DB8BE","#14A269","#EB6006","#6D5806","#560898","#AD5AA0",
                "#2A34F1","#4FD23D","#D37BA9","#84B038","#65BFE6","#EBAFA2",
                "#3E1E48","#AD1B15","#7AB294","#8D69A8","#B1B5F5","#C65128",
                "#363B15","#697D96","#871C48","#788F3F","#BCFC65","#172C74",
                "#E06A7A","#E8C55A","#2197CD","#41744E","#83F79E","#2EC828",
                "#444D15","#61C153","#14473C","#059D78","#44AD43","#52C60D",
                "#981749","#951F40","#ECFA88","#AE2BC4","#ABF417","#6B0A53",
                "#200691","#559C4B","#ACADAB","#3A52AD","#1851C1","#08FE88",
                "#93B577","#40F35F","#8E1668","#6FE83E","#4C7FFA","#B09F1D",
                "#ED22C5","#34F10F","#EB3944","#7157CB","#DE39C0","#854C07",
                "#6D758A","#22DE03","#6E76CC","#CBFBC8","#62159D","#3A41C9",
                "#E2EC0E","#C7B32A","#6984B7","#702BC1","#5ACC16","#FBB73B",
                "#9CCCAF","#BF34A9","#C13DA9","#F3891D","#B0B713","#58EE67",
                "#21C007","#660FF7","#7E007D","#924FF0","#11FF09","#D7009A",
                "#6C1304","#9C67AE","#34C2E7","#30048F","#444011","#CD1346",
                "#D4E25E","#6C423A","#27FEBE","#0B61F3","#8D9108","#7B62F4",
                "#735CEB","#E98555","#F88053","#67EFA1","#BEAFF5","#20B5FE",
                "#1F4895","#DB0CF5","#E2213E","#B068C8","#BCA4E8","#DE18F7",
                "#15B459","#2DEB5E","#76B548","#092B5B","#16BDC7","#E91406",
                "#DE0DAB","#7A0681","#E03AE8","#52D8C0","#35DDD2","#53F9FF",
                "#4B6362","#6B87D0","#F46E7E","#86E5C7","#A45CA9","#BB3F5B",
                "#36F141","#BB509F","#C16A69","#E1EA34","#BB9E2D","#807BB3",
                "#A6BCEC","#B2CFD2","#02E67F","#D0284C","#C64A10","#EE3426",
                "#A304B4","#698A67","#B66DDD","#94A6C3","#FF4FF3","#ED826C",
                "#91FAA0","#1D675F","#C2B461","#965F80","#57C3D4","#76208B",
                "#3D3300","#3A615C","#9F1A04","#44C2B5","#3CE01D","#64FFF3",
                "#642395","#1BFD36","#85A8DC","#9B8C1A","#1798CF","#9BC6D1",
                "#925147","#C2122B","#DB2961","#980BE2","#728042","#10AEE7",
                "#717BC9","#00E898","#DDAE31","#4DDD4A","#94FF54","#9CABA7",
                "#529EE7","#69E6F9","#5CFDD6","#94E9E8","#430296","#7525AC",
                "#127BFD","#D94CB5","#0DDC77","#AF26F8","#08EC5A","#7DCD11",
                "#E1E5B1","#031C43","#A04937","#1D84FC","#D6DA00","#497D23",
                "#E3550E","#66E559","#CEE098","#151852","#93C336","#C0266F",
                "#FBA4E0","#4E84B9","#26C9B5","#69ECB0","#4DDEDF","#FFCB23",
                "#733A4B","#D8D08B","#35E586","#EFF847","#512B50","#C14AA5",
                "#B23BA9","#EB0C6E","#F76FAD","#B52A10","#0BD851","#3E712E",
                "#616009","#6404CE","#AB1C40","#B26E5F","#41A393","#A0205E",
                "#4FD6DD","#06751B","#F8AD2B","#2F6367","#874B81","#97D7DC",
                "#9F133D","#796770","#6C96C6","#D70BEA","#BBF072","#2F3624",
                "#BA67B6","#EFDC98","#5F893A","#F56281","#0B1A9C","#F1F7A5",
                "#44C3CD","#83FC2F","#4A6D46","#B3040E","#038A22","#131F34",
                "#C20896","#514BCF","#CEA6C6","#4FE8E2","#11B250","#F74368",
                "#AEDF11","#4516B5","#A8F9DB","#F8A0FA","#B0EFB3","#2B9CE4",
                "#873DE2","#268EF9","#393655","#9B55C4","#F07C18","#3EF77B",
                "#1D929B","#E2B12B","#C99AB6","#7DF5E0","#6E44E0","#7C91E1",
                "#9098FF","#16EBC3","#F60407","#59EDA5","#F61AA8","#64E891",
                "#72A5C8","#581475","#5CB000","#030AF6","#FD2419","#0FC43E",
                "#71D1A9","#BC7D81","#757A43","#EF4ABA","#8138A9","#6E01E4",
                "#ECC8AA","#B57E46","#2FE7DB","#7DED8B","#AF53F1","#42BCE9",
                "#59F0A0","#7D5896","#E4A53E","#E5CA5E","#A8FC8C","#C55EDD",
                "#56A167","#55A147","#D89F9E","#A9CE69","#B0026E","#CE14DB",
                "#6CC803","#824A70","#46DF21","#4A57AE","#3DB03A","#E6C322",
                "#A6799B","#8D0128","#23232D","#76FA59","#7D3124","#B7D12D",
                "#BF1BFC","#FBE4C8","#8789B2","#B90014","#3366FA","#A7B0F4",
                "#8C78B5","#B7C3D7","#0A4900","#75B5CE","#2571DE","#C89EBC",
                "#29FF1F","#B4F362","#25F03A","#6DF139","#655051","#841506",
                "#5AF1DD","#51C766","#EB3038","#10962E","#19AE55","#A1FFDD",
                "#F405ED","#2A1779","#EDF994","#107545","#D4AF96","#00F171",
                "#4DB97E","#A2B125","#DC8759","#91456F","#5E0B2F","#DE77FD",
                "#9AE0AB","#EF7C6E","#DBBF69","#739B2A","#1F1FCE","#6B545A",
                "#E31B96","#130557","#8BD6FF","#4CF823")

barColours2 <- sample(barColours1)
barColours3 <- sample(barColours2)
